[[ 0.17339405  0.3100011  -0.4946107  -0.669751    0.7219781   0.18342268]
 [ 0.23992233  0.05855039 -0.35632136 -0.58731586  0.17903547  0.9371188 ]
 [-0.00942877  0.12935615 -0.5211239  -0.94466263  0.19071543  0.42362833]
 [ 0.2883324   0.28228462 -0.7879012  -0.15209962  0.08491804  0.84169936]
 [ 0.57520753  0.5115283  -0.5790503  -0.27777776  0.24457845  0.4429706 ]
 [ 0.47446576  0.20072873 -0.289459   -0.6628622   0.17905211  0.61896646]
 [ 0.21290533 -0.6029931  -0.9346865  -0.86392826  0.09775518  0.19774239]
 [ 0.5676588   0.46072802 -0.4658296  -0.62879884  0.21602525  0.16620463]
 [ 0.45826563  0.33240125 -0.24898432 -0.77416784  0.14433472  0.49377528]
 [ 0.6377268   0.68055683 -0.56445456 -0.15145648  0.3266499   0.43630806]
 [ 0.74779874 -0.28222442 -0.53669804 -0.5313346  -0.05745395  0.5939335 ]
 [ 0.3308431   0.12768278 -0.7086413  -0.8410934   0.09198043  0.0340289 ]
 [ 0.29790154 -0.0297188  -0.88363403 -0.5417633   0.33778352  0.1509438 ]
 [ 0.40544245  0.19280979 -0.8218824  -0.51115906  0.2972293   0.17015754]
 [ 0.45512256  0.17483911 -0.6987519  -0.53100246  0.46019015  0.07300968]
 [ 0.5512986   0.18907465 -0.3894762  -0.532211    0.3034952   0.50381666]
 [ 0.41995078  0.3750685  -0.61262745 -0.5062718   0.30667266  0.26269248]
 [-0.01494282  0.3678687  -0.8896488  -0.40594706  0.37812287  0.41710997]
 [ 0.7035134  -0.02183654 -0.07286859 -0.58551925  0.77868766  0.5129316 ]
 [-0.22878765  0.8506512  -0.47394451 -0.831315    0.33670494  0.40911776]
 [-0.0178693   0.73129964 -0.04686717 -1.4747206   0.7369302  -0.10873605]
 [ 0.0176734   0.05922079 -1.4064243  -0.24104452  0.46337247 -0.14839886]
 [ 0.21837594  0.78746736  2.510264    0.31727868 -0.04968804  1.1604978 ]]