AA	AACode	CHOP780202	CIDH920103	CIDH920105	FAUJ880109	FAUJ880111	FINA910104	GEIM800104	GEIM800106	KANM800102	KLEP840101	KRIW710101	LIFS790101	MEEJ800101	OOBM770102	PALJ810107	QIAN880123	RACS770103	RADA880108	ROSM880102	SWER830101	ZIMJ680102	ZIMJ680104	AURR980120	MUNV940103	NADH010104	NADH010106	GUYH850105	MIYS990104
Ala	A	0.83	0.36	0.02	0	0	1	1.19	0.86	0.81	0	4.6	0.92	0.5	-1.404	1.08	-0.44	1.16	-0.06	-0.67	-0.4	11.5	6	0.71	1.08	32	5	-0.27	-0.04
Arg	R	0.93	-0.52	-0.42	4	1	1.7	1	1.15	0.85	1	6.5	0.93	0.8	-0.921	0.93	-0.13	1.72	-0.84	3.89	-0.59	14.28	10.76	1.09	0.976	-95	-57	2	0.07
Asn	N	0.89	-0.9	-0.77	2	0	1	0.94	0.6	0.62	0	5.9	0.6	0.8	-1.178	1.05	0.05	1.97	-0.48	2.27	-0.92	12.82	5.41	0.95	1.197	-73	-77	0.61	0.13
Asp	D	0.54	-1.09	-1.04	1	0	0.7	1.07	0.66	0.71	-1	5.7	0.48	-8.2	-1.162	0.86	-0.2	2.66	-0.8	1.57	-1.31	11.68	2.77	1.43	1.266	-29	45	0.5	0.19
Cys	C	1.19	0.7	0.77	0	0	1	0.95	0.91	1.17	0	-1	1.16	-6.8	-1.365	1.22	0.13	0.5	1.36	-2	0.17	13.46	5.05	0.65	0.733	182	224	-0.23	-0.38
Gln	Q	1.1	-1.05	-1.1	2	0	1	1.32	1.11	0.98	0	6.1	0.95	-4.8	-1.116	0.95	-0.58	3.87	-0.73	2.12	-0.91	14.45	5.65	0.87	1.05	-95	-67	1	0.14
Glu	E	0.37	-0.83	-1.14	1	0	0.7	1.64	0.37	0.53	-1	5.6	0.61	-16.9	-1.163	1.09	-0.28	2.4	-0.77	1.78	-1.22	13.57	3.22	1.19	1.085	-74	-8	0.33	0.23
Gly	G	0.75	-0.82	-0.8	0	0	1.5	0.6	0.86	0.88	0	7.6	0.61	0	-1.364	0.85	0.08	1.63	-0.41	0	-0.67	3.4	5.97	1.07	1.104	-22	-47	-0.22	0.09
His	H	0.87	0.16	0.26	1	1	1	1.03	1.07	0.92	0	4.5	0.93	-3.5	-1.215	1.02	0.09	0.86	0.49	1.09	-0.64	13.69	7.59	1.13	0.906	-25	-50	0.37	-0.04
Ile	I	1.6	2.17	1.81	0	0	1	1.12	1.17	1.48	0	2.6	1.81	13.9	-1.189	0.98	-0.04	0.57	1.31	-3.02	1.25	21.4	6.02	1.05	0.583	106	83	-0.8	-0.34
Leu	L	1.3	1.18	1.14	0	0	1	1.18	1.28	1.24	0	3.25	1.3	8.8	-1.315	1.04	-0.12	0.51	1.21	-3.02	1.22	21.4	5.98	0.84	0.789	104	82	-0.44	-0.37
Lys	K	0.74	-0.56	-0.41	2	1	1.7	1.27	1.01	0.77	1	7.9	0.7	0.1	-1.074	1.01	-0.33	3.9	-1.18	2.46	-0.67	15.71	9.74	1.1	1.026	-124	-38	1.17	0.33
Met	M	1.05	1.21	1	0	0	1	1.49	1.15	1.05	0	1.4	1.19	4.8	-1.303	1.11	-0.21	0.4	1.27	-1.67	1.02	16.25	5.74	0.8	0.812	82	83	-0.31	-0.3
Phe	F	1.38	1.01	1.35	0	0	1	1.02	1.34	1.2	0	3.2	1.25	13.2	-1.135	0.96	-0.13	0.43	1.27	-3.24	1.92	19.8	5.48	0.95	0.685	132	117	-0.55	-0.38
Pro	P	0.55	-0.06	-0.09	0	0	0.1	0.68	0.61	0.61	0	7	0.4	6.1	-1.236	0.91	-0.48	2.04	0	-1.75	-0.49	17.43	6.3	1.7	1.412	-82	-103	0.36	0.19
Ser	S	0.75	-0.6	-0.97	1	0	1	0.81	0.91	0.92	0	5.25	0.82	1.2	-1.297	0.95	0.27	1.61	-0.5	0.1	-0.55	9.47	5.68	0.65	0.987	-34	-41	0.17	0.12
Thr	T	1.19	-1.2	-0.77	1	0	1	0.85	1.14	1.18	0	4.8	1.12	2.7	-1.252	1.15	0.47	1.48	-0.27	-0.42	-0.28	15.77	5.66	0.086	0.784	20	79	0.18	0.03
Trp	W	1.37	1.31	1.71	1	0	1	1.18	1.13	1.18	0	4	1.54	14.9	-1.03	1.17	-0.22	0.75	0.88	-2.86	0.5	21.67	5.89	1.25	0.755	118	130	0.05	-0.33
Tyr	Y	1.47	1.05	1.11	1	0	1	0.77	1.37	1.23	0	4.35	1.53	6.1	-1.03	0.8	-0.11	1.72	0.33	0.98	1.67	18.03	5.66	0.85	0.665	44	27	0.48	-0.29
Val	V	1.7	1.21	1.13	0	0	1	0.74	1.31	1.66	0	3.4	1.81	2.7	-1.254	1.03	0.06	0.59	1.09	-2.18	0.91	21.57	5.96	1.12	0.546	113	117	-0.65	-0.29
